1 1 0 0 //ボーナス札
2 1 2 1 //1月
2 2 1 1 
2 2 2 2
3 10 10 4
4 2 1 3
10 4 10 10
2 4 2 3 
2 1 2 1
2 3 2 18//9月（1は未確定、21は2カス,31はタネ）
11 11 11 11
1 1 1 1
1 2 1 2//12月
0 0 0 0//爆弾パス札
0 0 0 0
0 0 0 0
0 0 1 0//自分のこいこい,自分のオープン,自分の倍ミッション,自分の加点ミッション
0 0 1 0//相手のこいこい,相手のオープン,相手の倍ミッション,相手の加点ミッション
0 0 0 0//相手の手の場合分け,お流れ+プッシュ,自分の張り付き回数,相手の張り付き回数
6 6 0 1//自分の最高点,相手の最高点,ミッションの種類,phase
1 3 3 7//自分が先攻なら0後攻なら1,自分の手札枚数、相手の手札枚数、山札枚数
4 3 0 0//自分の出し札の月、番号、山札から出た札の月、番号
0 0 0 0//ボーナスの張り付きの月
//phase1は札選択後,札取り
//phase2はこいこい選択
//phase3,4は相手の札選択,札取り
//phase5は相手のこいこい選択
//phase0は自分の札選択直前
